1 0.205469 0.251042 0.120313 0.156250
1 0.361719 0.252083 0.117188 0.162500
1 0.536719 0.254167 0.120313 0.162500
1 0.700000 0.251042 0.115625 0.156250
0 0.167187 0.446875 0.203125 0.168750
0 0.395313 0.450000 0.200000 0.170833
0 0.625781 0.455208 0.198437 0.139583
0 0.845313 0.454167 0.200000 0.137500
0 0.844531 0.617708 0.201563 0.110417
0 0.623437 0.619792 0.203125 0.106250
0 0.396094 0.610417 0.201563 0.120833
0 0.176563 0.612500 0.200000 0.120833
0 0.180469 0.752083 0.201563 0.133333
0 0.397656 0.755208 0.198437 0.127083
0 0.639844 0.759375 0.198437 0.118750
0 0.852344 0.758333 0.198437 0.120833
0 0.846094 0.889583 0.201563 0.112500
0 0.633594 0.887500 0.201563 0.104167
0 0.396094 0.894792 0.201563 0.114583
0 0.176563 0.892708 0.200000 0.114583
