0 0.247500 0.088889 0.478333 0.157778
0 0.743333 0.089444 0.493333 0.165556
0 0.747500 0.266667 0.485000 0.153333
0 0.250833 0.266667 0.488333 0.160000
0 0.252500 0.434444 0.481667 0.157778
0 0.745833 0.430556 0.481667 0.150000
0 0.745833 0.603333 0.475000 0.164444
0 0.248333 0.599444 0.480000 0.161111
0 0.255833 0.766667 0.468333 0.157778
0 0.743333 0.769444 0.463333 0.154444
1 0.720833 0.892222 0.065000 0.042222
1 0.720833 0.965000 0.065000 0.041111
1 0.645000 0.961111 0.073333 0.048889
1 0.564167 0.965000 0.078333 0.052222
1 0.476667 0.962778 0.086667 0.063333
1 0.373333 0.959444 0.096667 0.063333
1 0.278333 0.957222 0.083333 0.061111
1 0.275000 0.886111 0.073333 0.054444
1 0.373333 0.889444 0.093333 0.061111
1 0.471667 0.886667 0.073333 0.062222
1 0.558333 0.890000 0.083333 0.057778
1 0.640833 0.893889 0.058333 0.050000
