1 0.077047 0.097738 0.147629 0.192246
1 0.049569 0.409532 0.096983 0.337641
1 0.022091 0.748788 0.042026 0.289176
1 0.148707 0.526656 0.219828 0.316640
1 0.184267 0.190630 0.202586 0.339257
1 0.315733 0.195477 0.219828 0.323102
1 0.188578 0.730210 0.215517 0.164782
1 0.224677 0.890953 0.242457 0.218094
1 0.394935 0.656704 0.242457 0.324717
1 0.486530 0.898223 0.151940 0.203554
1 0.516164 0.490307 0.247845 0.363489
1 0.553341 0.142165 0.182112 0.277868
1 0.650323 0.160743 0.201509 0.279483
1 0.679418 0.806947 0.235991 0.327948
1 0.803341 0.374798 0.253233 0.252019
1 0.837284 0.550889 0.243534 0.348950
1 0.891164 0.794023 0.217672 0.311793
1 0.928341 0.167205 0.143319 0.324717
