1 0.138470 0.140869 0.264009 0.255011
1 0.412177 0.141425 0.242457 0.269488
1 0.645474 0.144209 0.204741 0.266147
1 0.887392 0.131960 0.205819 0.246102
1 0.884159 0.393653 0.231681 0.230512
1 0.882543 0.633073 0.234914 0.232739
1 0.634159 0.886414 0.229526 0.227171
1 0.376616 0.881403 0.233836 0.237194
1 0.629849 0.626392 0.233836 0.237194
1 0.627694 0.382517 0.212284 0.214922
1 0.386315 0.386971 0.216595 0.223831
1 0.378233 0.624165 0.226293 0.239421
1 0.137392 0.629733 0.233836 0.252784
1 0.135776 0.380290 0.228448 0.217149
