2 0.333913 0.690972 0.354783 0.310185
2 0.304783 0.464120 0.336522 0.307870
2 0.447826 0.449653 0.276522 0.429398
2 0.544783 0.392361 0.247826 0.423611
2 0.575217 0.372685 0.193913 0.444444
2 0.696087 0.714120 0.195652 0.275463
2 0.750000 0.390046 0.119130 0.351852
0 0.074783 0.917824 0.088696 0.164352
0 0.076087 0.789931 0.086087 0.093750
0 0.080000 0.674190 0.080000 0.149306
0 0.063913 0.476273 0.124348 0.170139
0 0.053478 0.232639 0.084348 0.254630
0 0.094348 0.302083 0.066957 0.157407
0 0.185652 0.049769 0.082609 0.085648
0 0.482609 0.043981 0.206957 0.085648
0 0.639130 0.060185 0.212174 0.069444
0 0.974348 0.174190 0.051304 0.153935
0 0.945652 0.395255 0.075652 0.153935
0 0.943478 0.548611 0.113043 0.164352
0 0.925217 0.853588 0.102609 0.292824
0 0.715217 0.963542 0.096522 0.072917
0 0.596522 0.964699 0.095652 0.070602
0 0.433913 0.961227 0.093913 0.065972
0 0.278696 0.962963 0.072174 0.067130
