1 0.125625 0.689000 0.216250 0.326000
1 0.215625 0.484000 0.196250 0.320000
1 0.128750 0.221000 0.227500 0.346000
1 0.468125 0.150000 0.233750 0.296000
1 0.341250 0.333000 0.132500 0.270000
1 0.493750 0.390000 0.237500 0.292000
1 0.391250 0.781000 0.312500 0.438000
1 0.155625 0.906000 0.276250 0.188000
1 0.651875 0.562000 0.226250 0.368000
1 0.651875 0.153000 0.203750 0.302000
1 0.790000 0.251000 0.322500 0.494000
1 0.703750 0.766000 0.307500 0.468000
1 0.913125 0.836000 0.173750 0.328000
1 0.906250 0.639000 0.187500 0.258000
1 0.929375 0.396000 0.141250 0.392000
1 0.343125 0.105000 0.178750 0.198000
