1 0.230603 0.210989 0.204741 0.210989
1 0.462284 0.140110 0.262931 0.267033
1 0.713901 0.221429 0.231681 0.251648
1 0.889547 0.435165 0.201509 0.215385
1 0.863147 0.668132 0.213362 0.215385
1 0.698815 0.828571 0.235991 0.239560
1 0.489224 0.880769 0.234914 0.238462
1 0.265625 0.783516 0.225216 0.235165
1 0.114224 0.621978 0.217672 0.232967
1 0.124461 0.413187 0.218750 0.208791
1 0.328125 0.571429 0.195043 0.219780
1 0.537177 0.654945 0.197198 0.215385
1 0.664871 0.471429 0.200431 0.221978
1 0.450431 0.390110 0.215517 0.206593
