1 0.150391 0.193056 0.175781 0.300000
1 0.346094 0.221528 0.101562 0.173611
1 0.355469 0.060417 0.150000 0.118056
1 0.521484 0.192361 0.110156 0.195833
1 0.488672 0.513889 0.147656 0.250000
1 0.653906 0.498611 0.134375 0.219444
1 0.849609 0.402778 0.182031 0.322222
1 0.842578 0.717361 0.119531 0.181944
1 0.580859 0.724306 0.102344 0.173611
1 0.457813 0.765972 0.126562 0.190278
1 0.347656 0.634722 0.134375 0.183333
1 0.244531 0.786806 0.103125 0.165278
1 0.063672 0.672222 0.113281 0.188889
1 0.178516 0.918056 0.116406 0.163889
1 0.360938 0.944444 0.131250 0.111111
0 0.394141 0.679167 0.780469 0.552778
