1 0.110000 0.143750 0.142500 0.147500
1 0.253750 0.140625 0.137500 0.141250
1 0.402500 0.138125 0.142500 0.151250
1 0.563750 0.141875 0.142500 0.156250
1 0.712500 0.128750 0.147500 0.157500
1 0.879375 0.130000 0.146250 0.152500
1 0.893125 0.321875 0.153750 0.153750
1 0.732500 0.323125 0.155000 0.148750
1 0.571875 0.323125 0.153750 0.148750
1 0.408125 0.330625 0.143750 0.146250
1 0.258750 0.325000 0.135000 0.140000
1 0.108125 0.322500 0.143750 0.140000
1 0.116250 0.505000 0.137500 0.130000
1 0.271875 0.513125 0.151250 0.156250
1 0.429375 0.507500 0.146250 0.150000
1 0.593125 0.511875 0.151250 0.156250
1 0.751875 0.511250 0.148750 0.155000
1 0.898750 0.515625 0.132500 0.146250
1 0.890000 0.681250 0.130000 0.137500
1 0.736875 0.685000 0.143750 0.140000
1 0.575000 0.690000 0.137500 0.142500
1 0.428125 0.691250 0.141250 0.135000
1 0.273125 0.691250 0.151250 0.135000
1 0.117500 0.686250 0.147500 0.147500
1 0.119375 0.855000 0.141250 0.132500
1 0.275000 0.859375 0.142500 0.143750
1 0.426875 0.860000 0.136250 0.150000
1 0.584375 0.857500 0.151250 0.150000
1 0.738125 0.860625 0.141250 0.151250
1 0.892500 0.859375 0.142500 0.148750
