0 0.084635 0.192927 0.126562 0.384454
0 0.217969 0.193277 0.127604 0.385154
0 0.416927 0.093487 0.257812 0.177171
0 0.417448 0.271008 0.254688 0.166667
0 0.413542 0.448529 0.237500 0.161765
0 0.414323 0.613095 0.217188 0.135154
0 0.412760 0.775210 0.216146 0.152661
0 0.413281 0.921218 0.207813 0.132353
0 0.151042 0.842437 0.252083 0.152661
0 0.146615 0.665266 0.257812 0.180672
0 0.143229 0.478291 0.273958 0.159664
0 0.673958 0.115196 0.250000 0.160364
0 0.666927 0.281162 0.232813 0.151961
0 0.665104 0.445028 0.232292 0.157563
0 0.661719 0.606092 0.226562 0.143557
0 0.663021 0.756303 0.196875 0.141457
0 0.884375 0.714286 0.187500 0.133053
0 0.891406 0.581583 0.203646 0.129552
0 0.888542 0.438025 0.197917 0.144958
0 0.892448 0.292717 0.186979 0.133053
