0 0.128803 0.245358 0.189993 0.161804
0 0.129141 0.431698 0.193374 0.163130
0 0.382353 0.251326 0.192698 0.152520
0 0.381677 0.431034 0.191346 0.172414
0 0.620352 0.244695 0.189993 0.163130
0 0.622718 0.431698 0.192022 0.160477
0 0.866802 0.248674 0.194726 0.171088
0 0.866126 0.429708 0.192022 0.167109
0 0.868154 0.675729 0.189317 0.168435
0 0.866126 0.860743 0.193374 0.167109
0 0.619337 0.854775 0.192022 0.171088
0 0.622042 0.677056 0.190669 0.160477
0 0.381001 0.675729 0.194050 0.160477
0 0.382015 0.860080 0.193374 0.165782
0 0.131170 0.862732 0.192022 0.163130
0 0.130156 0.677056 0.192698 0.157825
