0 0.284375 0.100375 0.211250 0.114447
0 0.396250 0.163227 0.220000 0.116323
0 0.634375 0.090994 0.228750 0.114447
0 0.766875 0.161351 0.246250 0.116323
0 0.786250 0.378049 0.285000 0.140713
0 0.650000 0.298311 0.257500 0.142589
0 0.383750 0.369606 0.260000 0.142589
0 0.268125 0.300188 0.243750 0.127580
0 0.249375 0.538462 0.286250 0.161351
0 0.358750 0.626642 0.300000 0.180113
0 0.671250 0.540338 0.300000 0.165103
0 0.806250 0.636023 0.335000 0.183865
0 0.703125 0.833021 0.361250 0.213884
0 0.341250 0.832083 0.337500 0.200750
