0 0.284375 0.126852 0.434028 0.231481
0 0.733681 0.149537 0.415972 0.221296
0 0.721875 0.386574 0.404861 0.241667
0 0.282292 0.375926 0.420139 0.240741
0 0.262153 0.623148 0.429861 0.264815
0 0.720486 0.632870 0.403472 0.226852
1 0.886111 0.872685 0.072222 0.087963
1 0.815278 0.865278 0.069444 0.086111
1 0.723958 0.862963 0.078472 0.098148
1 0.646181 0.863889 0.081250 0.101852
1 0.550347 0.850000 0.084028 0.107407
1 0.465972 0.843981 0.083333 0.119444
1 0.363542 0.829630 0.082639 0.107407
1 0.281944 0.823148 0.077778 0.101852
1 0.175694 0.818981 0.091667 0.102778
1 0.082292 0.818519 0.090972 0.101852
