0 0.194168 0.100694 0.308677 0.143056
0 0.497155 0.109722 0.283073 0.125000
0 0.801565 0.109722 0.311522 0.122222
0 0.219061 0.246528 0.253201 0.118056
0 0.501422 0.252778 0.280228 0.138889
0 0.772404 0.247917 0.247511 0.115278
0 0.793741 0.393056 0.273115 0.125000
0 0.500711 0.398611 0.287340 0.133333
0 0.199147 0.390972 0.281650 0.120833
0 0.212660 0.549306 0.240398 0.118056
0 0.496444 0.542361 0.256046 0.123611
0 0.800142 0.546528 0.314367 0.129167
0 0.815789 0.704167 0.285917 0.141667
0 0.507824 0.693056 0.278805 0.130556
0 0.187055 0.689583 0.271693 0.131944
0 0.163585 0.844444 0.273115 0.144444
0 0.450925 0.850000 0.275960 0.141667
0 0.660028 0.876389 0.085349 0.180556
0 0.852774 0.854167 0.234708 0.116667
