1 0.328516 0.494737 0.175781 0.273684
1 0.511328 0.522368 0.169531 0.289474
1 0.696484 0.511184 0.174219 0.280263
1 0.164844 0.594737 0.160938 0.260526
1 0.348828 0.696053 0.175781 0.189474
1 0.528906 0.733553 0.162500 0.167105
1 0.720703 0.713816 0.174219 0.167105
1 0.815234 0.426974 0.144531 0.230263
1 0.625781 0.350658 0.157812 0.167105
1 0.450000 0.317105 0.167187 0.239474
1 0.269531 0.328289 0.175000 0.190789
1 0.109766 0.440789 0.158594 0.228947
1 0.225391 0.206579 0.186719 0.260526
1 0.410156 0.194079 0.168750 0.240789
1 0.592969 0.190132 0.173437 0.235526
1 0.770312 0.218421 0.159375 0.255263
1 0.866406 0.555263 0.140625 0.184211
1 0.760938 0.827632 0.171875 0.165789
1 0.563281 0.844079 0.176563 0.182895
1 0.375000 0.844737 0.156250 0.157895
1 0.197656 0.803289 0.176563 0.203947
