1 0.129000 0.148355 0.252000 0.281093
1 0.391250 0.146124 0.256500 0.279978
1 0.646000 0.152538 0.231000 0.270496
1 0.886250 0.150028 0.225500 0.272170
1 0.877500 0.423034 0.229000 0.241495
1 0.652000 0.418015 0.217000 0.243726
1 0.379000 0.434189 0.237000 0.242610
1 0.136750 0.428332 0.239500 0.252091
1 0.154750 0.678751 0.218500 0.221974
1 0.358500 0.680145 0.189000 0.216955
1 0.654250 0.665365 0.210500 0.234244
1 0.867750 0.665923 0.207500 0.230898
1 0.842000 0.884272 0.161000 0.179030
1 0.680000 0.882878 0.163000 0.181818
1 0.354500 0.900725 0.177000 0.198550
1 0.162500 0.900167 0.188000 0.199665
