1 0.112857 0.241176 0.128571 0.247059
1 0.245714 0.117647 0.108571 0.211765
1 0.380000 0.226471 0.091429 0.194118
1 0.238571 0.479412 0.140000 0.300000
1 0.418571 0.508824 0.134286 0.311765
1 0.318571 0.823529 0.145714 0.282353
1 0.150000 0.811765 0.134286 0.282353
1 0.062857 0.547059 0.120000 0.223529
1 0.577143 0.526471 0.131429 0.264706
1 0.628571 0.232353 0.108571 0.229412
1 0.754286 0.132353 0.108571 0.217647
1 0.894286 0.279412 0.114286 0.252941
1 0.757143 0.500000 0.142857 0.294118
1 0.931429 0.558824 0.125714 0.282353
1 0.845714 0.823529 0.142857 0.258824
1 0.674286 0.826471 0.142857 0.300000
