1 0.076250 0.248698 0.145833 0.460938
1 0.218750 0.278646 0.134167 0.406250
1 0.356667 0.272135 0.136667 0.440104
1 0.490833 0.287760 0.126667 0.429688
1 0.617083 0.316406 0.117500 0.398438
1 0.731250 0.311198 0.120833 0.377604
1 0.848333 0.335938 0.111667 0.348958
1 0.950417 0.363281 0.094167 0.315104
1 0.951667 0.670573 0.096667 0.289062
1 0.849583 0.679688 0.107500 0.317708
1 0.736667 0.722656 0.123333 0.356771
1 0.614167 0.710938 0.116667 0.348958
1 0.490833 0.727865 0.130000 0.388021
1 0.354583 0.734375 0.137500 0.416667
1 0.219583 0.742188 0.132500 0.406250
1 0.078333 0.757812 0.145000 0.463542
