1 0.359182 0.734053 0.118827 0.169753
1 0.811343 0.686728 0.100309 0.128601
1 0.791667 0.396605 0.071759 0.103909
1 0.888117 0.297840 0.082562 0.110082
1 0.816358 0.133745 0.096451 0.109053
1 0.363426 0.132716 0.101080 0.109053
2 0.214892 0.457819 0.402778 0.489712
2 0.416667 0.330761 0.156636 0.297325
2 0.631173 0.145576 0.275463 0.289095
2 0.670139 0.289095 0.325617 0.341564
2 0.180845 0.116898 0.361304 0.233282
2 0.159336 0.280350 0.316358 0.276749
0 0.630015 0.865741 0.689815 0.254115
0 0.133102 0.670267 0.262346 0.422840
0 0.582948 0.611111 0.319444 0.331276
0 0.919560 0.477366 0.160880 0.602881
0 0.440972 0.102366 0.154321 0.194444
0 0.903742 0.094136 0.192515 0.173868
